CODE131	-5.0285	33.2600	0.4558	0.0004	0.0003	0.0005	0.0000
CODE133	-10.7606	-13.6786	2.7361	0.0004	0.0003	0.0004	0.0000
CODE134	12.5835	-13.2476	2.6992	0.0003	0.0003	0.0004	0.0000
CODE135	29.2506	-12.9276	2.7024	0.0003	0.0003	0.0004	0.0000
CODE136	52.6799	-12.4300	2.6747	0.0003	0.0003	0.0004	0.0000
CODE137	69.4681	-12.0384	2.6334	0.0003	0.0003	0.0004	0.0000
CODE138	92.8352	-11.5115	2.6297	0.0004	0.0004	0.0006	0.0000
CODE139	90.5170	3.9702	0.2644	0.0004	0.0003	0.0005	0.0000
CODE140	-20.9598	-0.0422	0.1450	0.0004	0.0003	0.0004	0.0000
CODE141	71.4854	31.3682	0.6138	0.0003	0.0003	0.0005	0.0000
CODE142	34.0508	31.8245	0.5736	0.0004	0.0003	0.0005	0.0000
CODE143	53.3070	1.0710	0.0552	0.0003	0.0003	0.0005	0.0000
CODE144	20.7894	0.9218	0.2614	0.0003	0.0003	0.0004	0.0000
CSB-045-1	-17.4660	-13.7163	2.4738	0.0004	0.0003	0.0004	0.0000
CSB-045-2	-15.9342	-13.6791	2.4725	0.0004	0.0003	0.0004	0.0000
CSB-045-3	-14.3768	-13.6493	2.4709	0.0004	0.0003	0.0004	0.0000
CSB-045-4	-12.8298	-13.6158	2.4683	0.0004	0.0003	0.0004	0.0000
CSB-045-5	14.7611	-13.1073	2.4207	0.0004	0.0004	0.0005	0.0000
CSB-045-6	16.2814	-13.0675	2.4167	0.0004	0.0004	0.0005	0.0000
CSB-045-7	17.8025	-13.0487	2.4149	0.0004	0.0004	0.0006	0.0000
CSB-045-8	19.3823	-13.0070	2.4124	0.0004	0.0003	0.0004	0.0000
CSB-045-9	22.6918	-12.9663	2.4072	0.0003	0.0003	0.0004	0.0000
CSB-045-10	24.2223	-12.9271	2.4073	0.0003	0.0003	0.0004	0.0000
CSB-045-11	25.7675	-12.9014	2.4069	0.0003	0.0003	0.0004	0.0000
CSB-045-12	27.2900	-12.8725	2.4052	0.0003	0.0003	0.0004	0.0000
CSB-045-13	54.8643	-12.2963	2.3697	0.0003	0.0003	0.0004	0.0000
CSB-045-14	56.3988	-12.2627	2.3693	0.0003	0.0003	0.0004	0.0000
CSB-045-15	57.9476	-12.2157	2.3641	0.0003	0.0003	0.0005	0.0000
CSB-045-16	59.4818	-12.2004	2.3632	0.0004	0.0003	0.0005	0.0000
CSB-045-17	62.7945	-12.0917	2.3674	0.0003	0.0003	0.0004	0.0000
CSB-045-18	64.3370	-12.0913	2.3638	0.0003	0.0003	0.0004	0.0000
CSB-045-19	65.8629	-12.0393	2.3645	0.0003	0.0003	0.0004	0.0000
CSB-045-20	67.3947	-12.0060	2.3600	0.0003	0.0003	0.0004	0.0000
CSB-045-21	95.0122	-11.3950	2.3563	0.0003	0.0003	0.0005	0.0000
CSB-045-22	96.5559	-11.3370	2.3558	0.0004	0.0004	0.0006	0.0000
CSB-045-23	98.1008	-11.3023	2.3580	0.0004	0.0004	0.0005	0.0000
CSB-045-24	99.6394	-11.2546	2.3579	0.0004	0.0004	0.0005	0.0000
NUGGET133_1	-11.3790	-13.1270	2.7620	0.0004	0.0003	0.0004	0.0000
NUGGET133_5	-10.7950	-12.9079	2.7696	0.0004	0.0003	0.0004	0.0000
NUGGET133_15	-10.1441	-13.7020	2.7302	0.0004	0.0003	0.0004	0.0000
NUGGET133_A	-9.9923	-12.8975	2.7674	0.0004	0.0003	0.0004	0.0000
NUGGET133_B	-10.7804	-14.2912	2.7044	0.0004	0.0003	0.0004	0.0000
NUGGET133_C	-11.3687	-14.2988	2.7077	0.0004	0.0003	0.0004	0.0000
NUGGET133_D	-11.3745	-13.7129	2.7370	0.0004	0.0003	0.0004	0.0000
NUGGET134_2	11.9561	-12.4824	2.7305	0.0003	0.0003	0.0004	0.0000
NUGGET134_5	12.5474	-12.4814	2.7276	0.0003	0.0003	0.0004	0.0000
NUGGET134_15	13.1983	-13.2660	2.6978	0.0003	0.0003	0.0004	0.0000
NUGGET134_A	13.3519	-12.4613	2.7304	0.0003	0.0003	0.0004	0.0000
NUGGET134_B	12.5648	-13.8597	2.6711	0.0003	0.0003	0.0004	0.0000
NUGGET134_C	11.9784	-13.8691	2.6720	0.0003	0.0003	0.0004	0.0000
NUGGET134_D	11.9706	-13.2846	2.6983	0.0003	0.0003	0.0004	0.0000
NUGGET135_1	28.6266	-12.3824	2.7331	0.0003	0.0003	0.0004	0.0000
NUGGET135_6	29.4258	-12.1494	2.7412	0.0004	0.0003	0.0005	0.0000
NUGGET135_15	29.8684	-12.9404	2.7000	0.0003	0.0003	0.0004	0.0000
NUGGET135_A	30.0110	-12.1410	2.7423	0.0004	0.0003	0.0004	0.0000
NUGGET135_B	29.2388	-13.5411	2.6702	0.0003	0.0003	0.0004	0.0000
NUGGET135_C	28.6524	-13.5547	2.6708	0.0003	0.0003	0.0004	0.0000
NUGGET135_D	28.6391	-12.9697	2.7022	0.0003	0.0003	0.0004	0.0000
NUGGET136_2	52.0501	-11.6741	2.7143	0.0003	0.0003	0.0004	0.0000
NUGGET136_6	52.8500	-11.6545	2.7128	0.0003	0.0003	0.0004	0.0000
NUGGET136_15	53.2948	-12.4440	2.6721	0.0003	0.0003	0.0004	0.0000
NUGGET136_A	53.4379	-11.6410	2.7133	0.0003	0.0003	0.0004	0.0000
NUGGET136_B	52.6668	-13.0441	2.6415	0.0003	0.0003	0.0004	0.0000
NUGGET136_C	52.0787	-13.0546	2.6426	0.0003	0.0003	0.0004	0.0000
NUGGET136_D	52.0671	-12.4697	2.6745	0.0003	0.0003	0.0004	0.0000
NUGGET137_3	69.0609	-11.4812	2.6511	0.0003	0.0003	0.0004	0.0000
NUGGET137_6	69.6455	-11.2612	2.6546	0.0003	0.0003	0.0004	0.0000
NUGGET137_15	70.0828	-12.0559	2.6309	0.0003	0.0003	0.0004	0.0000
NUGGET137_A	70.2338	-11.2533	2.6547	0.0003	0.0003	0.0004	0.0000
NUGGET137_B	69.4477	-12.6491	2.6093	0.0003	0.0003	0.0005	0.0000
NUGGET137_C	68.8595	-12.6590	2.6105	0.0003	0.0003	0.0004	0.0000
NUGGET137_D	68.8562	-12.0705	2.6351	0.0003	0.0003	0.0004	0.0000
NUGGET138_4	92.4196	-10.7424	2.6532	0.0004	0.0004	0.0005	0.0000
NUGGET138_6	93.0082	-10.7312	2.6518	0.0004	0.0004	0.0005	0.0000
NUGGET138_15	93.4518	-11.5246	2.6308	0.0004	0.0004	0.0007	0.0000
NUGGET138_A	93.5971	-10.7164	2.6544	0.0004	0.0004	0.0005	0.0000
NUGGET138_B	92.8218	-12.1294	2.6055	0.0004	0.0004	0.0006	0.0000
NUGGET138_C	92.2329	-12.1430	2.6054	0.0004	0.0004	0.0006	0.0000
NUGGET138_D	92.2219	-11.5532	2.6280	0.0004	0.0004	0.0006	0.0000
TARGET1	21.7468	-24.7719	0.1380	0.0003	0.0003	0.0004	0.0000
TARGET2	31.7065	-23.7600	0.2212	0.0003	0.0003	0.0004	0.0000
TARGET3	-7.3594	-24.7682	-0.0198	0.0005	0.0004	0.0005	0.0000
TARGET4	-17.1112	-25.0064	-0.0034	0.0005	0.0004	0.0005	0.0000
TARGET5	3.9917	-22.4125	-0.2133	0.0004	0.0003	0.0005	0.0000
TARGET6	86.8732	-19.3209	0.1169	0.0003	0.0004	0.0005	0.0000
TARGET7	47.1660	-20.7200	0.1149	0.0003	0.0003	0.0004	0.0000
TARGET8	57.8411	-20.2304	-0.0136	0.0003	0.0004	0.0005	0.0000
TARGET9	65.5364	-19.7798	0.1056	0.0003	0.0003	0.0005	0.0000
TARGET10	34.4015	-20.4973	0.2346	0.0003	0.0003	0.0004	0.0000
TARGET11	72.8123	-18.8056	0.1554	0.0003	0.0003	0.0005	0.0000
TARGET12	-12.6669	-21.5022	0.0198	0.0004	0.0003	0.0005	0.0000
TARGET13	-19.4982	-21.3176	0.0070	0.0004	0.0003	0.0005	0.0000
TARGET14	40.7732	-18.4905	0.2118	0.0003	0.0003	0.0004	0.0000
TARGET15	28.4735	-18.6083	0.2328	0.0003	0.0003	0.0004	0.0000
TARGET28	80.4313	-10.1805	0.2326	0.0003	0.0003	0.0005	0.0000
TARGET29	62.2940	-10.5133	0.1319	0.0003	0.0003	0.0005	0.0000
TARGET34	42.1278	-11.1818	0.2140	0.0003	0.0003	0.0004	0.0000
TARGET36	35.8116	-10.6154	0.2689	0.0003	0.0003	0.0004	0.0000
TARGET37	68.6766	-8.0715	0.2330	0.0003	0.0003	0.0005	0.0000
TARGET38	90.2065	-6.3575	0.2057	0.0004	0.0004	0.0005	0.0000
TARGET39	56.6696	-8.4521	0.0447	0.0003	0.0003	0.0005	0.0000
TARGET40	72.8223	-7.0162	0.2701	0.0003	0.0003	0.0005	0.0000
TARGET41	76.9461	-6.3909	0.2784	0.0003	0.0003	0.0005	0.0000
TARGET44	48.3802	-8.2922	0.1324	0.0004	0.0003	0.0005	0.0000
TARGET45	84.4181	-5.4996	0.2630	0.0003	0.0003	0.0005	0.0000
TARGET48	112.1704	-2.0631	0.2958	0.0004	0.0004	0.0006	0.0000
TARGET49	16.2220	-9.7174	0.0959	0.0003	0.0003	0.0004	0.0000
TARGET50	26.6345	-8.8628	0.2721	0.0003	0.0003	0.0004	0.0000
TARGET51	70.5389	-5.0293	0.2724	0.0003	0.0003	0.0005	0.0000
TARGET52	64.3240	-5.3555	0.2167	0.0003	0.0003	0.0005	0.0000
TARGET53	97.5357	-2.4889	0.1124	0.0004	0.0003	0.0005	0.0000
TARGET54	4.7663	-9.9672	-0.1454	0.0003	0.0003	0.0004	0.0000
TARGET55	78.2082	-3.7690	0.3119	0.0003	0.0003	0.0005	0.0000
TARGET56	-0.1744	-10.2799	-0.0448	0.0004	0.0003	0.0004	0.0000
TARGET57	-9.8659	-10.9322	0.0832	0.0004	0.0003	0.0004	0.0000
TARGET58	107.5491	-0.7964	0.2409	0.0004	0.0003	0.0005	0.0000
TARGET59	75.3260	-3.5140	0.3033	0.0003	0.0003	0.0005	0.0000
TARGET60	-14.0295	-11.0327	0.1034	0.0004	0.0003	0.0004	0.0000
TARGET61	67.3054	-3.2138	0.2633	0.0003	0.0003	0.0005	0.0000
TARGET62	10.3928	-7.9126	-0.0286	0.0003	0.0003	0.0004	0.0000
TARGET63	20.7786	-6.9271	0.2212	0.0003	0.0003	0.0004	0.0000
TARGET64	88.2908	-0.7417	0.2584	0.0004	0.0004	0.0006	0.0000
TARGET65	60.4568	-2.8096	0.1677	0.0003	0.0003	0.0005	0.0000
TARGET66	79.0127	-1.0664	0.3183	0.0003	0.0003	0.0005	0.0000
TARGET67	40.0796	-4.5804	0.2676	0.0003	0.0003	0.0004	0.0000
TARGET68	70.8276	-1.4365	0.2971	0.0003	0.0003	0.0005	0.0000
TARGET69	52.4064	-3.0104	0.0166	0.0003	0.0003	0.0005	0.0000
TARGET70	-5.2039	-8.3897	0.0714	0.0004	0.0003	0.0004	0.0000
TARGET71	32.3195	-4.8274	0.3060	0.0003	0.0003	0.0004	0.0000
TARGET72	73.5922	0.7603	0.3274	0.0003	0.0003	0.0005	0.0000
TARGET73	108.4814	4.3013	0.2897	0.0004	0.0003	0.0005	0.0000
TARGET74	64.2398	-0.1052	0.2481	0.0003	0.0003	0.0005	0.0000
TARGET75	68.2417	0.5893	0.2915	0.0004	0.0003	0.0005	0.0000
TARGET76	98.2670	3.6931	0.1245	0.0004	0.0003	0.0005	0.0000
TARGET77	13.8679	-4.8187	0.0705	0.0003	0.0003	0.0004	0.0000
TARGET78	83.1356	2.4975	0.3271	0.0003	0.0003	0.0005	0.0000
TARGET79	78.2047	2.4114	0.3485	0.0003	0.0003	0.0005	0.0000
TARGET80	7.8361	-4.2524	-0.0921	0.0003	0.0003	0.0004	0.0000
TARGET81	103.0383	6.1408	0.2084	0.0004	0.0003	0.0005	0.0000
TARGET82	3.7763	-4.3699	-0.1150	0.0003	0.0003	0.0004	0.0000
TARGET83	60.3921	1.6683	0.2089	0.0003	0.0003	0.0005	0.0000
TARGET84	69.7911	2.6591	0.3212	0.0003	0.0003	0.0005	0.0000
TARGET85	45.4540	0.0946	0.1934	0.0003	0.0003	0.0004	0.0000
TARGET86	25.5048	-1.8878	0.2820	0.0003	0.0003	0.0004	0.0000
TARGET87	65.1547	2.9035	0.2831	0.0003	0.0003	0.0005	0.0000
TARGET88	-13.2028	-5.5555	0.1333	0.0004	0.0003	0.0004	0.0000
TARGET89	34.9746	-0.2041	0.3175	0.0003	0.0003	0.0004	0.0000
TARGET90	-6.9611	-4.6342	0.0950	0.0004	0.0003	0.0004	0.0000
TARGET91	-23.9463	-6.2925	0.0840	0.0005	0.0003	0.0005	0.0000
TARGET92	-16.6251	-5.3664	0.1343	0.0004	0.0003	0.0004	0.0000
TARGET93	-1.6266	-3.5042	0.0074	0.0004	0.0003	0.0004	0.0000
TARGET94	110.6693	9.1873	0.3616	0.0004	0.0003	0.0006	0.0000
TARGET95	-20.1015	-4.4103	0.1230	0.0004	0.0003	0.0005	0.0000
TARGET96	106.2634	10.5801	0.3193	0.0004	0.0003	0.0005	0.0000
TARGET97	73.5625	7.1062	0.3844	0.0003	0.0003	0.0005	0.0000
TARGET98	9.3139	-0.0000	-0.0000	0.0003	0.0003	0.0004	0.0000
TARGET99	101.2699	11.7966	0.2065	0.0004	0.0003	0.0005	0.0000
TARGET100	51.6659	5.8612	0.0880	0.0003	0.0003	0.0005	0.0000
TARGET101	39.1494	4.3036	0.3104	0.0003	0.0003	0.0004	0.0000
TARGET102	82.3206	9.9673	0.3948	0.0004	0.0003	0.0005	0.0000
TARGET103	30.1798	3.5150	0.3396	0.0003	0.0003	0.0004	0.0000
TARGET104	-0.0000	-0.0000	-0.0000	0.0004	0.0003	0.0004	0.0000
TARGET105	62.4024	8.5911	0.3088	0.0003	0.0003	0.0005	0.0000
TARGET106	96.6575	13.1533	0.1912	0.0004	0.0003	0.0005	0.0000
TARGET107	57.1877	8.1277	0.2227	0.0003	0.0003	0.0005	0.0000
TARGET108	45.9865	7.4927	0.2257	0.0004	0.0003	0.0005	0.0000
TARGET109	-5.3514	0.8345	0.1184	0.0004	0.0003	0.0004	0.0000
TARGET110	-10.0933	0.1992	0.1463	0.0004	0.0003	0.0004	0.0000
TARGET111	104.4251	15.4138	0.3232	0.0004	0.0003	0.0006	0.0000
TARGET112	14.9523	4.2237	0.1920	0.0003	0.0003	0.0004	0.0000
TARGET113	-16.5731	-0.0038	0.1648	0.0004	0.0003	0.0004	0.0000
TARGET114	68.5902	11.4899	0.4001	0.0003	0.0003	0.0005	0.0000
TARGET115	8.4268	3.5328	0.0173	0.0003	0.0003	0.0004	0.0000
TARGET116	75.5559	13.1634	0.4433	0.0003	0.0003	0.0005	0.0000
TARGET117	99.0462	17.3945	0.2080	0.0004	0.0003	0.0005	0.0000
TARGET118	-25.2112	0.5768	0.1111	0.0004	0.0003	0.0004	0.0000
TARGET119	51.6387	11.7273	0.1493	0.0003	0.0003	0.0005	0.0000
TARGET120	34.4651	9.5477	0.3760	0.0003	0.0003	0.0004	0.0000
TARGET121	25.0144	8.2438	0.3572	0.0003	0.0003	0.0004	0.0000
TARGET122	1.9167	5.1068	-0.0000	0.0004	0.0003	0.0004	0.0000
TARGET123	64.8752	14.5962	0.3995	0.0003	0.0003	0.0005	0.0000
TARGET124	59.4512	14.0388	0.3353	0.0003	0.0003	0.0005	0.0000
TARGET125	41.8109	11.8441	0.3343	0.0003	0.0003	0.0005	0.0000
TARGET126	-12.6486	3.8080	0.1937	0.0004	0.0003	0.0004	0.0000
TARGET127	-3.3609	5.4844	0.1214	0.0004	0.0003	0.0004	0.0000
TARGET128	109.8935	22.4328	0.4963	0.0004	0.0003	0.0006	0.0000
TARGET129	104.6031	21.8531	0.3964	0.0004	0.0003	0.0006	0.0000
TARGET130	96.5948	20.9879	0.2398	0.0004	0.0003	0.0005	0.0000
TARGET131	11.5693	8.8820	0.1915	0.0003	0.0003	0.0004	0.0000
TARGET132	99.7026	23.2039	0.2733	0.0004	0.0003	0.0005	0.0000
TARGET133	18.6873	10.5781	0.3486	0.0003	0.0003	0.0004	0.0000
TARGET134	-8.3341	6.8951	0.2018	0.0004	0.0003	0.0004	0.0000
TARGET135	-15.4034	6.5231	0.2228	0.0004	0.0003	0.0004	0.0000
TARGET136	46.4583	16.8268	0.2993	0.0004	0.0003	0.0005	0.0000
TARGET137	71.3228	20.8822	0.5124	0.0003	0.0003	0.0005	0.0000
TARGET138	55.8998	18.5193	0.3349	0.0003	0.0003	0.0005	0.0000
TARGET139	103.5319	26.3178	0.4264	0.0004	0.0003	0.0006	0.0000
TARGET140	76.3457	21.8990	0.5291	0.0004	0.0003	0.0006	0.0000
TARGET141	64.5708	20.1951	0.4645	0.0003	0.0003	0.0005	0.0000
TARGET142	35.2587	15.4895	0.4219	0.0003	0.0003	0.0005	0.0000
TARGET143	87.9737	24.2069	0.4403	0.0004	0.0003	0.0005	0.0000
TARGET144	96.2101	26.1366	0.3138	0.0004	0.0003	0.0005	0.0000
TARGET145	29.2725	14.9307	0.4496	0.0003	0.0003	0.0004	0.0000
TARGET146	-26.6170	5.8741	0.1400	0.0004	0.0003	0.0004	0.0000
TARGET147	2.3235	10.9422	0.0624	0.0004	0.0003	0.0004	0.0000
TARGET148	98.6705	27.7744	0.3317	0.0004	0.0003	0.0006	0.0000
TARGET149	42.2170	18.6571	0.3947	0.0003	0.0003	0.0005	0.0000
TARGET150	22.5475	15.3115	0.4168	0.0003	0.0003	0.0004	0.0000
TARGET151	-3.3278	11.0831	0.1759	0.0004	0.0003	0.0004	0.0000
TARGET152	50.3105	20.3241	0.2541	0.0003	0.0003	0.0005	0.0000
TARGET153	90.2755	27.5574	0.4377	0.0004	0.0003	0.0005	0.0000
TARGET154	103.2386	30.4766	0.4598	0.0004	0.0003	0.0006	0.0000
TARGET155	80.4693	26.4980	0.5515	0.0003	0.0003	0.0005	0.0000
TARGET156	16.1764	15.4715	0.3546	0.0003	0.0003	0.0004	0.0000
TARGET157	6.6511	14.3568	0.1353	0.0004	0.0003	0.0004	0.0000
TARGET158	-11.3123	11.5848	0.2711	0.0004	0.0003	0.0004	0.0000
TARGET159	71.5430	26.7343	0.5749	0.0004	0.0003	0.0005	0.0000
TARGET160	31.8338	19.6946	0.4763	0.0003	0.0003	0.0005	0.0000
TARGET161	65.6226	25.8725	0.5434	0.0003	0.0003	0.0005	0.0000
TARGET162	58.6424	24.6924	0.4615	0.0003	0.0003	0.0005	0.0000
TARGET163	96.9459	32.1818	0.3816	0.0004	0.0003	0.0005	0.0000
TARGET164	-20.5754	10.7832	0.2499	0.0004	0.0003	0.0004	0.0000
TARGET165	25.5288	19.7821	0.4805	0.0003	0.0003	0.0005	0.0000
TARGET166	-25.2475	10.4406	0.2014	0.0004	0.0003	0.0004	0.0000
TARGET167	87.9174	31.8180	0.5210	0.0004	0.0003	0.0005	0.0000
TARGET168	48.8923	24.6449	0.3603	0.0004	0.0003	0.0005	0.0000
TARGET169	36.7614	22.4562	0.4843	0.0003	0.0003	0.0005	0.0000
TARGET170	13.5695	18.6058	0.3383	0.0004	0.0003	0.0004	0.0000
TARGET171	4.6150	17.4725	0.1144	0.0004	0.0003	0.0004	0.0000
TARGET172	53.3813	26.7269	0.3931	0.0003	0.0003	0.0005	0.0000
TARGET173	20.3678	20.4735	0.4627	0.0003	0.0003	0.0004	0.0000
TARGET174	0.5756	17.0397	0.1586	0.0004	0.0003	0.0004	0.0000
TARGET175	42.1912	25.2791	0.4517	0.0003	0.0003	0.0005	0.0000
TARGET176	-6.8850	15.9130	0.2913	0.0004	0.0003	0.0004	0.0000
TARGET177	62.8769	30.5520	0.5561	0.0003	0.0003	0.0005	0.0000
TARGET178	32.2082	24.5640	0.5276	0.0003	0.0003	0.0005	0.0000
TARGET179	27.3619	23.6512	0.5248	0.0003	0.0003	0.0005	0.0000
TARGET180	-19.3917	14.8159	0.2956	0.0004	0.0003	0.0004	0.0000
TARGET181	-15.0389	15.7286	0.3205	0.0004	0.0003	0.0004	0.0000
TARGET182	14.3125	21.9505	0.3900	0.0004	0.0003	0.0004	0.0000
TARGET183	81.9541	35.9696	0.6144	0.0004	0.0003	0.0005	0.0000
TARGET184	3.1766	20.3654	0.1437	0.0004	0.0003	0.0004	0.0000
TARGET185	54.8970	31.4933	0.4555	0.0003	0.0003	0.0005	0.0000
TARGET186	45.2322	29.5432	0.4440	0.0003	0.0003	0.0005	0.0000
TARGET187	35.7678	27.6141	0.5349	0.0004	0.0003	0.0005	0.0000
TARGET188	20.3755	24.7247	0.5039	0.0003	0.0003	0.0005	0.0000
TARGET189	-25.2163	15.5090	0.2592	0.0004	0.0003	0.0004	0.0000
TARGET190	9.4676	23.1894	0.2974	0.0004	0.0003	0.0004	0.0000
TARGET191	29.8520	28.2659	0.5632	0.0004	0.0003	0.0005	0.0000
TARGET192	68.0157	36.8712	0.6390	0.0004	0.0003	0.0005	0.0000
TARGET193	73.8882	38.3040	0.6599	0.0004	0.0003	0.0005	0.0000
TARGET194	49.9706	33.3162	0.3930	0.0004	0.0003	0.0005	0.0000
TARGET195	15.9116	26.2760	0.4622	0.0004	0.0003	0.0005	0.0000
TARGET196	24.4475	28.3616	0.5611	0.0004	0.0003	0.0005	0.0000
TARGET197	-14.1395	20.1272	0.3785	0.0004	0.0003	0.0004	0.0000
TARGET198	-1.4780	22.9801	0.2841	0.0004	0.0003	0.0004	0.0000
TARGET199	40.3486	32.2368	0.5352	0.0004	0.0003	0.0005	0.0000
TARGET200	-7.6329	21.7962	0.3638	0.0004	0.0003	0.0004	0.0000
TARGET201	62.8408	37.7408	0.6061	0.0004	0.0003	0.0005	0.0000
TARGET202	79.4985	41.5279	0.6516	0.0004	0.0003	0.0005	0.0000
TARGET203	56.2950	36.7652	0.5277	0.0004	0.0003	0.0005	0.0000
TARGET204	46.5783	34.8470	0.4723	0.0004	0.0003	0.0005	0.0000
TARGET205	-20.6787	20.3557	0.3580	0.0004	0.0002	0.0004	0.0000
TARGET206	83.3376	44.1551	0.6412	0.0004	0.0003	0.0005	0.0000
TARGET207	4.1471	26.4109	0.2278	0.0004	0.0003	0.0004	0.0000
TARGET208	28.4168	32.0733	0.5957	0.0004	0.0003	0.0005	0.0000
TARGET209	72.8437	42.5717	0.6708	0.0004	0.0003	0.0005	0.0000
TARGET210	10.6021	28.7525	0.3720	0.0004	0.0003	0.0005	0.0000
TARGET211	20.4798	31.6298	0.5522	0.0004	0.0003	0.0005	0.0000
TARGET212	52.3168	39.2668	0.4464	0.0004	0.0003	0.0005	0.0000
TARGET213	15.5161	30.7074	0.4896	0.0004	0.0003	0.0005	0.0000
TARGET214	-3.7678	26.3114	0.3691	0.0004	0.0003	0.0004	0.0000
TARGET215	64.6725	42.8396	0.6418	0.0004	0.0003	0.0005	0.0000
TARGET216	-14.0302	24.3565	0.4310	0.0004	0.0003	0.0004	0.0000
TARGET217	78.2400	46.7531	0.6584	0.0004	0.0003	0.0005	0.0000
TARGET218	38.5845	37.4863	0.5758	0.0004	0.0003	0.0005	0.0000
TARGET219	32.3673	36.1241	0.6001	0.0004	0.0003	0.0005	0.0000
TARGET220	-19.1379	24.4156	0.4134	0.0004	0.0002	0.0004	0.0000
TARGET221	44.1299	39.7227	0.5247	0.0004	0.0003	0.0005	0.0000
TARGET222	24.7863	35.8291	0.5914	0.0004	0.0003	0.0005	0.0000
TARGET223	-10.5482	27.7233	0.4550	0.0004	0.0003	0.0004	0.0000
TARGET224	-0.9847	30.2429	0.3652	0.0004	0.0003	0.0005	0.0000
TARGET225	55.6600	44.2890	0.5428	0.0004	0.0003	0.0005	0.0000
TARGET226	6.0187	32.2145	0.3179	0.0004	0.0003	0.0005	0.0000
TARGET227	72.2396	48.5212	0.6561	0.0004	0.0003	0.0005	0.0000
TARGET228	62.2585	46.5195	0.6176	0.0004	0.0003	0.0005	0.0000
TARGET229	47.6776	43.5626	0.4996	0.0004	0.0003	0.0005	0.0000
TARGET230	-15.9457	27.5137	0.4570	0.0004	0.0002	0.0004	0.0000
TARGET231	30.0845	39.7214	0.6033	0.0004	0.0003	0.0005	0.0000
TARGET232	14.4759	35.8953	0.5073	0.0004	0.0003	0.0005	0.0000
TARGET233	36.8655	41.7920	0.5947	0.0004	0.0003	0.0005	0.0000
TARGET234	20.2085	38.1015	0.5886	0.0004	0.0003	0.0005	0.0000
TARGET235	-11.5210	30.0900	0.4761	0.0004	0.0003	0.0005	0.0000
TARGET236	78.3297	53.4109	0.6279	0.0004	0.0003	0.0006	0.0000
TARGET237	42.1090	45.1198	0.5605	0.0004	0.0003	0.0005	0.0000
TARGET238	1.9170	35.1252	0.3523	0.0004	0.0003	0.0005	0.0000
TARGET239	51.0641	48.2918	0.4719	0.0004	0.0003	0.0005	0.0000
TARGET240	8.7535	37.6468	0.4191	0.0004	0.0003	0.0005	0.0000
TARGET241	25.0050	42.4588	0.6033	0.0004	0.0003	0.0005	0.0000
TARGET242	32.2763	44.4436	0.6088	0.0004	0.0003	0.0005	0.0000
TARGET243	57.7006	51.4451	0.5660	0.0004	0.0003	0.0005	0.0000
TARGET244	44.6650	50.0353	0.5515	0.0004	0.0003	0.0005	0.0000
TARGET245	16.0123	43.0402	0.5603	0.0004	0.0003	0.0005	0.0000
TARGET246	35.7597	48.8734	0.5903	0.0004	0.0003	0.0005	0.0000
TARGET247	27.8213	48.5008	0.6030	0.0004	0.0003	0.0005	0.0000
TARGET248	66.6031	51.4602	0.6316	0.0004	0.0003	0.0005	0.0000
TARGET249	-35.2612	34.0476	0.2621	0.0006	0.0003	0.0006	0.0000
TARGET250	-9.8617	45.2986	0.4822	0.0004	0.0003	0.0005	0.0000
TARGET251	-21.1334	37.9094	0.4522	0.0005	0.0003	0.0005	0.0000
TARGET252	-30.9014	32.3943	0.3352	0.0006	0.0003	0.0006	0.0000
TARGET253	-25.7602	33.9450	0.4121	0.0005	0.0003	0.0005	0.0000
TARGET254	-35.6171	28.5487	0.2118	0.0006	0.0003	0.0006	0.0000
TARGET255	-8.3110	40.8679	0.5004	0.0004	0.0003	0.0005	0.0000
TARGET256	-2.5990	43.0416	0.4689	0.0004	0.0003	0.0005	0.0000
TARGET257	10.0390	48.1809	0.4797	0.0004	0.0003	0.0005	0.0000
TARGET258	-17.3717	34.6002	0.4830	0.0004	0.0003	0.0005	0.0000
TARGET259	-4.6698	37.4672	0.4775	0.0004	0.0003	0.0005	0.0000
TARGET260	1.0102	39.9805	0.4148	0.0004	0.0003	0.0005	0.0000
TARGET261	19.6066	48.1215	0.6071	0.0004	0.0003	0.0005	0.0000
TARGET262	-31.3597	24.9026	0.2669	0.0006	0.0003	0.0006	0.0000
TARGET263	-10.0253	34.3742	0.5001	0.0004	0.0003	0.0005	0.0000
TARGET264	-19.2530	29.7519	0.4516	0.0004	0.0003	0.0005	0.0000
TARGET265	-35.2912	20.5006	0.1288	0.0006	0.0003	0.0006	0.0000
TARGET266	-26.9644	20.9054	0.2989	0.0004	0.0003	0.0005	0.0000
TARGET267	-30.5315	19.3598	0.2226	0.0006	0.0003	0.0006	0.0000
TARGET268	-32.3274	15.6012	0.1463	0.0006	0.0003	0.0006	0.0000
TARGET269	-23.2995	18.0640	0.3091	0.0004	0.0002	0.0004	0.0000
TARGET270	-29.4704	10.7493	0.1456	0.0005	0.0003	0.0005	0.0000
TARGET271	-30.6212	5.7811	0.0814	0.0005	0.0003	0.0005	0.0000
TARGET272	87.1671	49.6647	0.6153	0.0004	0.0003	0.0006	0.0000
TARGET273	103.8791	48.2837	0.5829	0.0004	0.0003	0.0006	0.0000
TARGET274	-35.3053	-1.6579	-0.0765	0.0006	0.0004	0.0005	0.0000
TARGET275	89.1024	41.1776	0.5824	0.0004	0.0003	0.0006	0.0000
TARGET276	-29.0420	-0.0833	0.0512	0.0005	0.0004	0.0005	0.0000
TARGET277	98.9213	42.0557	0.4644	0.0004	0.0003	0.0006	0.0000
TARGET278	-36.5149	-6.2197	-0.1304	0.0006	0.0004	0.0005	0.0000
TARGET279	-30.6553	-5.2278	-0.0022	0.0006	0.0004	0.0005	0.0000
TARGET280	-26.9932	-4.7952	0.0502	0.0005	0.0004	0.0005	0.0000
TARGET281	109.1613	32.7055	0.5668	0.0005	0.0004	0.0007	0.0000
TARGET282	-33.2317	-12.4628	-0.0877	0.0006	0.0004	0.0005	0.0000
TARGET283	82.6604	19.3177	0.4688	0.0004	0.0003	0.0006	0.0000
TARGET284	88.2317	18.3680	0.3914	0.0004	0.0003	0.0006	0.0000
TARGET285	-28.0137	-17.7989	-0.0563	0.0006	0.0004	0.0005	0.0000
TARGET286	109.8185	16.4371	0.4267	0.0005	0.0004	0.0007	0.0000
TARGET287	-0.7855	-20.4187	-0.0950	0.0005	0.0004	0.0005	0.0000
TARGET288	102.8762	-1.0051	0.1520	0.0004	0.0004	0.0005	0.0000
TARGET289	5.7534	43.2899	0.3648	0.0004	0.0003	0.0005	0.0000
TARGET290	-20.5486	-10.7750	0.0971	0.0004	0.0003	0.0005	0.0000
TARGET292	-38.2877	1.2756	-0.0967	0.0007	0.0004	0.0006	0.0000
TARGET293	-34.3557	4.7571	0.0016	0.0006	0.0003	0.0006	0.0000
TARGET294	-35.7078	10.6618	0.0194	0.0006	0.0003	0.0006	0.0000
TARGET295	-35.7477	15.5922	0.0579	0.0006	0.0003	0.0006	0.0000
TARGET296	-34.7172	23.9064	0.1914	0.0006	0.0003	0.0006	0.0000
TARGET297	-24.3374	25.1627	0.3759	0.0005	0.0003	0.0005	0.0000
TARGET298	89.0077	9.9012	0.3207	0.0005	0.0004	0.0007	0.0000
TARGET299	-29.9241	37.7399	0.3672	0.0006	0.0003	0.0006	0.0000
TARGET300	-13.9771	39.4197	0.4950	0.0004	0.0003	0.0005	0.0000
TARGET301	-33.6782	41.2276	0.3225	0.0006	0.0003	0.0006	0.0000
TARGET302	-29.4651	43.7298	0.3785	0.0006	0.0003	0.0006	0.0000
TARGET303	-17.3165	43.2517	0.4728	0.0004	0.0003	0.0005	0.0000
TARGET304	92.4734	37.8129	0.5154	0.0004	0.0003	0.0007	0.0000
TARGET305	99.3966	37.8764	0.4522	0.0004	0.0003	0.0006	0.0000
TARGET308	-22.0219	6.2221	0.1941	0.0004	0.0003	0.0004	0.0000
TARGET309	74.3984	-26.1477	0.1379	0.0003	0.0004	0.0005	0.0000
TARGET310	63.2644	-26.4109	0.0631	0.0003	0.0004	0.0005	0.0000
TARGET311	52.4979	-27.4088	-0.0506	0.0003	0.0004	0.0005	0.0000
TARGET312	80.4284	-21.0859	0.1527	0.0003	0.0004	0.0005	0.0000
TARGET313	41.1355	-25.1174	0.1667	0.0003	0.0004	0.0004	0.0000
TARGET314	53.6582	-22.9263	-0.0602	0.0003	0.0004	0.0005	0.0000
TARGET315	82.8216	-28.8939	0.1108	0.0004	0.0004	0.0005	0.0000
TARGET316	25.1269	-21.6330	0.1864	0.0004	0.0003	0.0005	0.0000
TARGET317	95.1518	46.1455	0.5387	0.0005	0.0004	0.0007	0.0000
TARGET318	106.9855	44.9957	0.5823	0.0004	0.0004	0.0007	0.0000
TARGET319	111.1829	42.4487	0.6069	0.0005	0.0004	0.0007	0.0000
TARGET320	107.5608	27.5137	0.5014	0.0004	0.0003	0.0006	0.0000
TARGET321	88.6565	-25.4830	0.0802	0.0004	0.0005	0.0006	0.0000
TARGET322	107.0393	38.7255	0.5633	0.0005	0.0004	0.0007	0.0000
TARGET323	-25.1953	41.2750	0.4203	0.0005	0.0003	0.0006	0.0000
TARGET324	-27.7107	28.8752	0.3518	0.0006	0.0003	0.0005	0.0000
TARGET325	94.4672	51.0904	0.5556	0.0004	0.0004	0.0006	0.0000
TARGET326	-21.7913	46.4897	0.4151	0.0005	0.0003	0.0005	0.0000
TARGET327	-34.8285	45.9269	0.2924	0.0013	0.0004	0.0009	0.0000
TARGET328	-29.5160	-21.8522	-0.1087	0.0010	0.0006	0.0007	0.0000
TARGET329	-26.8116	-26.3479	-0.0883	0.0010	0.0006	0.0007	0.0000
TARGET340	74.0403	-29.8303	2.6508	0.0006	0.0009	0.0009	0.0000
TARGET347	89.2959	-29.3883	2.6049	0.0006	0.0010	0.0009	0.0000
TARGET368	33.3054	-42.5825	-0.0016	0.0007	0.0007	0.0009	0.0000
TARGET369	67.9946	-44.3410	-0.0248	0.0007	0.0009	0.0012	0.0000
TARGET380	55.8038	-44.4662	-0.2016	0.0008	0.0008	0.0009	0.0000
TARGET381	35.2977	-51.7533	-0.2406	0.0007	0.0009	0.0010	0.0000
TARGET382	77.5224	-45.8701	-0.0392	0.0012	0.0014	0.0021	0.0000
TARGET388	86.1810	-45.4937	-0.0619	0.0014	0.0017	0.0028	0.0000
TARGET389	60.7682	-12.1054	1.6853	0.0015	0.0013	0.0019	0.0000
