Base_1,7388781.521,569366.043,5139.403,
Base_1,7388781.521,569366.043,5139.403,
Base_1,7460437.616,624331.114,5139.403,
Base_1,7460437.616,624331.114,5139.403,
gpsbase,7460437.611,624331.123,5139.392,
dronebase,7460435.433,624331.458,5139.414,
launchpt,7460290.463,624339.635,5135.026,
sat3pt1,7460402.301,624254.609,5137.598,
sat3pt2,7460402.425,624254.307,5137.593,
sat3pt3,7460402.492,624253.992,5137.597,
sat3pt4,7460402.505,624253.786,5137.596,
sat3pt5,7460402.480,624253.536,5137.598,
sat3pt6,7460402.406,624253.261,5137.599,
sat3pt7,7460402.289,624253.017,5137.602,
sat3pt8,7460402.120,624252.784,5137.601,
sat3pt9,7460401.922,624252.590,5137.600,
sat3pt10,7460401.711,624252.438,5137.596,
sat3pt11,7460401.442,624252.311,5137.595,
sat3pt12,7460401.176,624252.242,5137.591,
sat3pt13,7460400.908,624252.220,5137.591,
sat3pt14,7460400.619,624252.245,5137.594,
sat3pt15,7460400.356,624252.317,5137.584,
sat3pt16,7460400.097,624252.440,5137.589,
sat3pt17,7460399.878,624252.596,5137.586,
sat3pt18,7460399.682,624252.793,5137.589,
sat3pt19,7460399.522,624253.022,5137.593,
sat3pt20,7460399.409,624253.269,5137.589,
sat3pt21,7460399.334,624253.548,5137.588,
sat3pt22,7460399.312,624253.827,5137.593,
sat3pt23,7460399.335,624254.095,5137.594,
sat3pt24,7460399.411,624254.369,5137.597,
sat3pt25,7460399.523,624254.611,5137.601,
sat3pt26,7460399.681,624254.836,5137.602,
sat3pt27,7460399.875,624255.034,5137.594,
sat3pt28,7460400.100,624255.197,5137.598,
sat3pt29,7460400.357,624255.318,5137.600,
sat3pt30,7460400.627,624255.390,5137.594,
sat3pt31,7460400.908,624255.414,5137.594,
sat3pt32,7460401.197,624255.385,5137.596,
sat3pt33,7460401.454,624255.315,5137.590,
sat3pt34,7460401.713,624255.191,5137.595,
sat3pt35,7460401.934,624255.031,5137.594,
sat3pt36,7460402.130,624254.841,5137.588,
sat3center,7460400.916,624253.819,5137.592,
sat2pt1,7460389.272,624233.035,5137.591,
sat2pt2,7460389.469,624232.844,5137.598,
sat2pt3,7460389.636,624232.604,5137.591,
sat2pt4,7460389.752,624232.355,5137.589,
sat2pt5,7460389.821,624232.088,5137.585,
sat2pt6,7460389.841,624231.834,5137.593,
sat2pt7,7460389.824,624231.536,5137.594,
sat2pt8,7460389.747,624231.265,5137.590,
sat2pt9,7460389.629,624231.012,5137.591,
sat2pt10,7460389.466,624230.781,5137.585,
sat2pt11,7460389.273,624230.593,5137.596,
sat2pt12,7460389.041,624230.432,5137.590,
sat2pt13,7460388.784,624230.314,5137.584,
sat2pt14,7460388.510,624230.244,5137.590,
sat2pt15,7460388.236,624230.224,5137.597,
sat2pt16,7460387.959,624230.252,5137.594,
sat2pt17,7460387.686,624230.327,5137.596,
sat2pt18,7460387.444,624230.443,5137.589,
sat2pt19,7460387.214,624230.606,5137.592,
sat2pt20,7460387.020,624230.804,5137.589,
sat2pt21,7460386.866,624231.037,5137.585,
sat2pt22,7460386.756,624231.284,5137.589,
sat2pt23,7460386.683,624231.549,5137.590,
sat2pt24,7460386.661,624231.859,5137.592,
sat2pt25,7460386.691,624232.099,5137.590,
sat2pt26,7460386.762,624232.362,5137.595,
sat2pt27,7460386.889,624232.623,5137.600,
sat2pt28,7460387.041,624232.845,5137.597,
sat2pt29,7460387.242,624233.042,5137.599,
sat2pt30,7460387.475,624233.198,5137.597,
sat2pt31,7460387.715,624233.311,5137.597,
sat2pt32,7460388.001,624233.383,5137.597,
sat2pt33,7460388.268,624233.405,5137.598,
sat2pt34,7460388.546,624233.376,5137.596,
sat2pt35,7460388.804,624233.304,5137.593,
sat2pt36,7460389.059,624233.184,5137.595,
sat2center,7460388.250,624231.812,5137.589,
sat1pt1,7460389.053,624210.195,5137.591,
sat1pt2,7460389.275,624210.029,5137.589,
sat1pt3,7460389.463,624209.846,5137.593,
sat1pt4,7460389.622,624209.620,5137.584,
sat1pt5,7460389.744,624209.368,5137.595,
sat1pt6,7460389.816,624209.097,5137.588,
sat1pt7,7460389.838,624208.819,5137.586,
sat1pt8,7460389.818,624208.539,5137.583,
sat1pt9,7460389.746,624208.272,5137.585,
sat1pt10,7460389.628,624208.017,5137.592,
sat1pt11,7460389.467,624207.784,5137.593,
sat1pt12,7460389.258,624207.586,5137.593,
sat1pt13,7460389.040,624207.432,5137.592,
sat1pt14,7460388.794,624207.315,5137.593,
sat1pt15,7460388.522,624207.243,5137.601,
sat1pt16,7460388.243,624207.222,5137.594,
sat1pt17,7460387.975,624207.243,5137.591,
sat1pt18,7460387.698,624207.317,5137.597,
sat1pt19,7460387.447,624207.435,5137.595,
sat1pt20,7460387.212,624207.604,5137.595,
sat1pt21,7460387.018,624207.800,5137.591,
sat1pt22,7460386.865,624208.019,5137.587,
sat1pt23,7460386.747,624208.283,5137.594,
sat1pt24,7460386.677,624208.545,5137.591,
sat1pt25,7460386.656,624208.825,5137.595,
sat1pt26,7460386.679,624209.091,5137.589,
sat1pt27,7460386.756,624209.372,5137.593,
sat1pt28,7460386.871,624209.619,5137.595,
sat1pt29,7460387.043,624209.853,5137.601,
sat1pt30,7460387.225,624210.041,5137.594,
sat1pt31,7460387.461,624210.203,5137.596,
sat1pt32,7460387.724,624210.322,5137.587,
sat1pt33,7460387.994,624210.391,5137.590,
sat1pt34,7460388.272,624210.412,5137.593,
sat1pt35,7460388.546,624210.379,5137.594,
sat1pt36,7460388.811,624210.306,5137.585,
sat1pt37,7460389.059,624210.186,5137.592,
sat1pt38,7460389.278,624210.029,5137.580,
sat1pt39,7460389.473,624209.836,5137.588,
sat1center,7460388.257,624208.801,5137.586,
latpt1,7460293.360,624273.025,5137.870,
latpt2,7460292.860,624272.682,5137.880,
latpt3,7460292.313,624272.454,5137.881,
latpt4,7460291.723,624272.334,5137.883,
latpt5,7460291.147,624272.337,5137.884,
latpt6,7460290.571,624272.447,5137.884,
latpt7,7460290.034,624272.673,5137.876,
latpt8,7460289.527,624273.003,5137.881,
latpt9,7460289.121,624273.413,5137.877,
latpt10,7460288.780,624273.918,5137.878,
latpt11,7460288.567,624274.438,5137.879,
latpt12,7460288.460,624275.006,5137.880,
latpt13,7460288.458,624275.603,5137.880,
latpt14,7460288.561,624276.164,5137.878,
latpt15,7460288.802,624276.732,5137.889,
latpt16,7460289.120,624277.212,5137.882,
latpt17,7460289.541,624277.637,5137.874,
latpt18,7460290.022,624277.956,5137.884,
latpt19,7460290.552,624278.174,5137.887,
latpt20,7460291.149,624278.294,5137.881,
latpt21,7460291.722,624278.292,5137.883,
latpt22,7460292.295,624278.180,5137.882,
latpt23,7460292.857,624277.949,5137.877,
latpt24,7460293.332,624277.642,5137.889,
latpt25,7460293.772,624277.196,5137.889,
latpt26,7460294.078,624276.734,5137.882,
latpt27,7460294.310,624276.175,5137.876,
latpt28,7460294.415,624275.596,5137.881,
latpt29,7460294.424,624275.016,5137.882,
latpt30,7460294.307,624274.433,5137.878,
latpt31,7460294.074,624273.886,5137.883,
latpt32,7460293.738,624273.397,5137.882,
latcenter,7460291.442,624275.309,5137.882,
highbay1,7460344.584,624224.784,5138.354,
highbay2,7460339.701,624224.794,5138.363,
pt12,7460335.155,624173.811,5138.130,
pt1,7460557.353,624190.809,5135.503,
pt2,7460486.541,624146.536,5135.277,
pt3,7460522.583,624335.429,5141.433,
pt4,7460460.379,624417.283,5138.396,
pt5,7460399.567,624308.541,5136.710,
pt6,7460419.207,624436.786,5135.031,
pt7,7460364.170,624399.127,5132.116,
pt8,7460388.603,624444.948,5131.733,
pt9,7460258.395,624351.547,5132.765,
pt10,7460241.999,624422.140,5114.875,
pt11,7460249.377,624251.165,5142.143,
classmount1pt1,7460427.471,624322.307,5136.818,
classmount1pt2,7460427.818,624322.194,5136.617,
classmount1pt3,7460427.826,624322.247,5136.728,
classmount1pt4,7460427.518,624321.141,5139.522,
classmount1pt5,7460427.831,624321.475,5139.550,
classmount1pt6,7460427.858,624322.024,5139.555,
classmount1pt7,7460427.539,624322.270,5139.591,
classmount1pt8,7460427.532,624322.287,5139.580,
classmount1pt9,7460429.329,624323.800,5139.145,
classmount1pt10,7460427.943,624323.753,5139.203,
classmount1pt11,7460427.943,624323.751,5139.184,
classmount1pt12,7460429.393,624321.845,5139.147,
classmount1pt13,7460428.497,624319.256,5139.187,
classmount1pt14,7460429.385,624319.311,5139.190,
classmount1pt15,7460427.943,624321.636,5140.019,
classmount1pt16,7460426.474,624319.239,5139.164,
classmount1pt17,7460426.831,624321.207,5136.785,
classmount1pt18,7460426.727,624321.327,5136.818,
classmount1pt19,7460426.623,624321.671,5136.740,
classmount1pt20,7460426.745,624322.102,5136.764,
classmount1pt21,7460426.995,624322.379,5136.825,
classmount1pt22,7460427.280,624322.483,5136.854,
classmount1pt23,7460425.238,624324.640,5142.253,
classmount1pt24,7460428.125,624325.205,5142.253,
classmount1pt25,7460427.207,624322.114,5144.704,
classmount1pt26,7460427.287,624321.698,5145.038,
classmount1pt27,7460426.921,624322.104,5144.694,
classmount1pt28,7460427.693,624322.302,5144.622,
classmount1pt29,7460427.063,624322.889,5143.745,
classmount1pt30,7460426.729,624324.690,5143.751,
classmount1pt31,7460425.298,624324.398,5143.755,
classmount1pt32,7460428.156,624324.940,5143.760,
classmount2pt1,7460418.250,624329.623,5137.054,
classmount2pt2,7460418.670,624329.562,5136.901,
classmount2pt3,7460418.187,624329.826,5136.928,
classmount2pt4,7460418.137,624330.078,5136.782,
classmount2pt5,7460418.021,624330.375,5136.799,
classmount2pt6,7460418.045,624330.692,5136.803,
classmount2pt7,7460418.253,624330.877,5136.843,
classmount2pt8,7460418.408,624330.961,5136.809,
classmount2pt9,7460418.601,624331.007,5136.813,
classmount2pt10,7460418.613,624331.019,5136.809,
classmount2pt11,7460418.928,624330.992,5136.851,
classmount2pt12,7460418.955,624329.767,5139.554,
classmount2pt13,7460419.221,624330.127,5139.575,
classmount2pt14,7460419.242,624330.648,5139.448,
classmount2pt15,7460418.870,624330.929,5139.531,
classmount2pt16,7460417.727,624332.290,5139.190,
classmount2pt17,7460420.597,624332.547,5139.170,
classmount2pt18,7460420.778,624330.634,5139.179,
classmount2pt19,7460420.974,624328.098,5139.207,
classmount2pt20,7460418.132,624327.843,5139.200,
classmount2pt21,7460421.898,624331.820,5142.250,
classmount2pt22,7460421.920,624328.885,5142.266,
classmount2pt23,7460421.894,624330.355,5142.252,
classmount2pt24,7460420.927,624331.022,5142.146,
classmount2pt25,7460420.930,624331.226,5142.143,
classmount2pt26,7460420.708,624330.758,5142.166,
classmount2pt27,7460420.694,624330.757,5142.856,
classmount2pt28,7460419.093,624330.401,5144.703,
classmount2pt29,7460418.666,624330.383,5145.008,
classmount2pt30,7460419.194,624329.888,5144.627,
classmount2pt31,7460419.189,624330.901,5144.634,
classmount2pt32,7460419.693,624330.371,5143.746,
classmount2pt33,7460421.657,624330.350,5143.755,
classmount2pt34,7460421.634,624328.920,5143.757,
classmount2pt35,7460421.665,624331.839,5143.744,
classmount2pt36,7460421.665,624330.398,5143.728,
classmount2pt37,7460419.012,624330.953,5136.869,
classmount2pt38,7460419.154,624330.600,5136.632,
classmount2pt39,7460419.299,624330.377,5136.675,
classmount2pt40,7460419.284,624330.041,5136.691,
classmount2pt41,7460419.079,624329.809,5136.746,
classmount2pt42,7460418.747,624329.689,5136.739,
pb2apt1,7460630.935,624426.316,5145.807,
pb2apt2,7460631.032,624426.291,5146.169,
pb2apt3,7460631.124,624426.408,5145.805,
pb2apt4,7460631.073,624426.202,5145.821,
pb2apt5,7460633.358,624426.878,5145.803,
pb2apt6,7460633.212,624426.864,5145.863,
pb2apt7,7460633.370,624426.674,5145.869,
pb2apt8,7460633.366,624426.689,5145.866,
pb2apt9,7460633.370,624426.765,5146.186,
pb2apt10,7460632.656,624424.544,5145.800,
pb2apt11,7460632.698,624424.731,5145.726,
pb2apt12,7460632.497,624424.670,5145.824,
pb2apt13,7460632.591,624424.606,5146.199,
pb2apt14,7460594.120,624433.082,5144.223,
pb2bpt1,7460594.041,624433.081,5144.082,
pb2bpt2,7460593.868,624433.076,5143.842,
pb2bpt3,7460593.637,624433.097,5143.756,
pb2bpt4,7460593.686,624433.006,5143.652,
pb2bpt5,7460593.571,624432.973,5143.887,
pb2bpt6,7460594.124,624430.605,5144.258,
pb2bpt7,7460593.971,624430.690,5144.239,
pb2bpt8,7460594.179,624430.752,5144.264,
pb2bpt9,7460594.053,624430.666,5144.618,
pb2bpt10,7460591.964,624431.767,5144.301,
pb2bpt11,7460592.114,624431.684,5144.265,
pb2bpt12,7460592.117,624431.915,5144.289,
pb2bpt13,7460592.050,624431.840,5144.629,
pb2cpt1,7460551.694,624434.535,5142.828,
pb2cpt2,7460551.608,624434.345,5142.819,
pb2cpt3,7460551.543,624434.509,5142.829,
pb2cpt4,7460551.662,624434.452,5143.168,
pb2cpt5,7460550.930,624432.217,5142.786,
pb2cpt6,7460551.009,624432.388,5142.787,
pb2cpt7,7460550.802,624432.324,5142.790,
pb2cpt8,7460550.968,624432.281,5143.171,
pb2cpt9,7460549.298,624434.028,5142.789,
pb2cpt10,7460549.399,624433.877,5142.811,
pb2cpt11,7460549.508,624434.073,5142.757,
pb2cpt12,7460549.407,624434.000,5143.031,
actpt1,7460550.807,624279.899,5140.309,
actpt2,7460545.342,624274.387,5140.321,
actpt3,7460543.300,624266.930,5140.310,
actpt4,7460545.340,624259.437,5140.285,
actpt5,7460550.782,624253.952,5140.301,
actpt6,7460558.293,624251.919,5140.313,
actpt7,7460565.812,624253.923,5140.298,
actpt8,7460571.288,624259.438,5140.282,
actpt9,7460573.304,624266.943,5140.303,
actpt10,7460571.274,624274.423,5140.285,
actpt11,7460565.789,624279.911,5140.321,
actpt12,7460558.309,624281.912,5140.289,
newpt1,7460516.398,624203.122,5139.024,
newpt3,7460508.324,624338.256,5140.759,
newpt8,7460307.396,624467.411,5126.177,
