CODE25	-2.5746	12.7270	0.0035	0.0002	0.0001	0.0002	0.0000
CODE29	11.5988	12.0077	0.0172	0.0002	0.0001	0.0002	0.0000
CODE30	14.2015	-6.9043	0.0532	0.0002	0.0001	0.0002	0.0000
CODE36	-19.3441	13.2931	0.0185	0.0002	0.0001	0.0002	0.0000
CODE42	-20.4508	-6.8906	0.2170	0.0002	0.0001	0.0002	0.0000
CODE46	-3.2840	-6.6194	0.0111	0.0002	0.0001	0.0002	0.0000
CODE133	-13.4891	-9.3995	2.5477	0.0002	0.0001	0.0002	0.0000
CODE134	9.8585	-9.6586	2.3567	0.0002	0.0001	0.0002	0.0000
CSB-045-1	-20.1915	-9.2529	2.3231	0.0002	0.0001	0.0002	0.0000
CSB-045-2	-18.6606	-9.2604	2.3111	0.0002	0.0001	0.0002	0.0000
CSB-045-3	-17.1036	-9.2769	2.2993	0.0002	0.0001	0.0002	0.0000
CSB-045-4	-15.5553	-9.2888	2.2863	0.0002	0.0001	0.0002	0.0000
CSB-045-5	12.0386	-9.5977	2.0580	0.0003	0.0002	0.0003	0.0000
CSB-045-6	13.5597	-9.6018	2.0456	0.0002	0.0002	0.0002	0.0000
CSB-045-7	15.0798	-9.6288	2.0330	0.0003	0.0002	0.0003	0.0000
CSB-045-8	16.6606	-9.6341	2.0184	0.0003	0.0002	0.0003	0.0000
NUGGET133_1	-14.0911	-8.8291	2.5527	0.0002	0.0001	0.0002	0.0000
NUGGET133_5	-13.5002	-8.6270	2.5461	0.0002	0.0001	0.0002	0.0000
NUGGET133_15	-12.8735	-9.4391	2.5411	0.0002	0.0001	0.0002	0.0000
NUGGET133_A	-12.6978	-8.6409	2.5394	0.0002	0.0001	0.0002	0.0000
NUGGET133_B	-13.5265	-10.0115	2.5447	0.0002	0.0001	0.0002	0.0000
NUGGET133_C	-14.1146	-10.0016	2.5506	0.0002	0.0001	0.0002	0.0000
NUGGET133_D	-14.1035	-9.4156	2.5531	0.0002	0.0001	0.0002	0.0000
NUGGET134_2	9.2542	-8.8748	2.3566	0.0002	0.0001	0.0002	0.0000
NUGGET134_5	9.8432	-8.8883	2.3522	0.0002	0.0001	0.0002	0.0000
NUGGET134_15	10.4722	-9.6949	2.3524	0.0002	0.0001	0.0002	0.0000
NUGGET134_A	10.6474	-8.8972	2.3481	0.0003	0.0002	0.0003	0.0000
NUGGET134_B	9.8215	-10.2707	2.3566	0.0002	0.0001	0.0002	0.0000
NUGGET134_C	9.2348	-10.2619	2.3619	0.0002	0.0001	0.0002	0.0000
NUGGET134_D	9.2436	-9.6766	2.3616	0.0002	0.0001	0.0002	0.0000
TARGET1	13.3306	-2.0506	0.0200	0.0002	0.0001	0.0002	0.0000
TARGET2	0.9368	-5.6009	-0.0153	0.0002	0.0001	0.0002	0.0000
TARGET3	9.0975	0.0000	-0.0000	0.0002	0.0001	0.0002	0.0000
TARGET4	14.3255	4.3117	0.0011	0.0002	0.0001	0.0002	0.0000
TARGET5	9.9370	3.1168	0.0009	0.0002	0.0001	0.0002	0.0000
TARGET6	-1.8279	-2.6743	0.0026	0.0002	0.0001	0.0002	0.0000
TARGET7	4.7905	2.9396	-0.0010	0.0002	0.0001	0.0002	0.0000
TARGET8	6.7900	4.6221	0.0009	0.0002	0.0001	0.0002	0.0000
TARGET9	9.4689	7.3867	0.0011	0.0002	0.0001	0.0002	0.0000
TARGET10	2.6432	3.8258	0.0004	0.0002	0.0001	0.0002	0.0000
TARGET11	8.8039	9.9796	0.0069	0.0002	0.0001	0.0002	0.0000
TARGET13	7.6909	10.6628	0.0103	0.0002	0.0001	0.0002	0.0000
TARGET14	-1.6107	3.1448	0.0010	0.0002	0.0001	0.0002	0.0000
TARGET15	-9.4400	-3.0704	0.0720	0.0002	0.0001	0.0002	0.0000
TARGET16	0.8799	6.5311	0.0000	0.0002	0.0001	0.0002	0.0000
TARGET18	-6.7782	1.0404	0.0272	0.0002	0.0001	0.0002	0.0000
TARGET19	-2.3664	7.9954	-0.0033	0.0002	0.0001	0.0002	0.0000
TARGET20	-4.7836	6.3576	0.0000	0.0002	0.0001	0.0002	0.0000
TARGET21	-5.3893	7.9449	-0.0029	0.0002	0.0001	0.0002	0.0000
TARGET22	-4.4456	10.7967	-0.0058	0.0002	0.0001	0.0002	0.0000
TARGET23	-9.6140	8.1518	0.0067	0.0002	0.0001	0.0002	0.0000
TARGET24	-19.6053	-2.4549	0.1523	0.0002	0.0001	0.0002	0.0000
TARGET25	-15.5696	5.1681	0.0512	0.0002	0.0001	0.0002	0.0000
TARGET27	8.9864	-2.0176	-0.0009	0.0002	0.0001	0.0002	0.0000
TARGET28	-14.5359	12.1982	0.0049	0.0002	0.0001	0.0002	0.0000
TARGET31	-17.8922	-6.7335	0.1976	0.0002	0.0001	0.0002	0.0000
TARGET32	-15.7444	-4.4018	0.1577	0.0002	0.0001	0.0002	0.0000
TARGET33	-6.7731	-5.9362	0.0534	0.0002	0.0001	0.0002	0.0000
TARGET34	-8.3088	-4.6153	0.0675	0.0002	0.0001	0.0002	0.0000
TARGET35	-10.6744	-1.4174	0.0760	0.0002	0.0001	0.0002	0.0000
TARGET36	-17.6641	4.0350	0.0705	0.0002	0.0001	0.0002	0.0000
TARGET37	-12.2136	2.4372	0.0572	0.0002	0.0001	0.0002	0.0000
TARGET38	-9.7871	1.4716	0.0477	0.0002	0.0001	0.0002	0.0000
TARGET39	-4.8079	0.1094	0.0167	0.0002	0.0001	0.0002	0.0000
TARGET40	-1.8546	-1.0182	0.0032	0.0002	0.0001	0.0002	0.0000
TARGET41	-7.7260	4.0364	0.0194	0.0002	0.0001	0.0002	0.0000
TARGET42	6.9179	-3.6127	-0.0092	0.0002	0.0001	0.0002	0.0000
TARGET43	5.7383	0.9311	-0.0023	0.0002	0.0001	0.0002	0.0000
TARGET44	11.9811	-0.1201	0.0089	0.0002	0.0001	0.0002	0.0000
TARGET45	4.7970	9.3903	0.0070	0.0002	0.0001	0.0002	0.0000
TARGET46	13.6406	9.8460	0.0008	0.0002	0.0001	0.0002	0.0000
TARGET47	-17.1747	-2.1664	0.1408	0.0002	0.0001	0.0002	0.0000
TARGET48	-17.4960	11.0646	0.0170	0.0002	0.0001	0.0002	0.0000
TARGET49	-16.0078	11.7912	0.0117	0.0002	0.0001	0.0002	0.0000
TARGET50	-14.5674	-4.9710	0.1519	0.0002	0.0001	0.0002	0.0000
TARGET51	-0.0000	0.0000	0.0000	0.0002	0.0001	0.0002	0.0000
